4833
4834
4872
4873
4875
4877
4880
4881
4882
4884
4885
4886
4888
4889
4890
4891
4892
4893
4902
4903
4946
4948
4949
4950
4951
4952
4953
4954
4955
4956
4980
4981
4982
4984
5024
5025
5031
5033
5034
5035
5036
5038
5039
5041
5042
5043
5044
5045
5047
5048
5050
5051
5053
5054
5055
5057
5060
5061
5062
5063
5066
5067
5068
5069
5070
5071
5072
5074
5076
5077
5078
5079
5104
5138
5139
5140
5143
5145
5147
5148
5149
5150
5151
5153
5157
5181
5182
5183
5184
5185
5186
5188
5189
5190
5191
5192
5193
5195
5196
5197
5198
5218
5219
5221
5222
5228
5229
5233
5237
5251
5252
5253
5254
5255
5256
5257
5258
5259
5263
5264
5265
5266
5267
5268
5269
5270
5271
5272
5273
5274
5275
5278
5279
5280
5281
5282
5283
5284
5285
5286
5287
5288
5292
5293
5294
5295
5296
5297
5298
5299
5302
5303
5304
5305
5306
5307
5309
5310
5311
5312
5313
5314
5315
5316
5318
5319
5322
5329
5330
5331
5332
5333
5334
5339
5340
5342
5344
5345
5346
5347
5348
5349
5350
5351
5375
5378
5379
5380
5381
5382
5383
5384
5385
5386
5387
5402
5403
5404
5405
5406
5407
5409
5410
5411
5412
5538
5541
5542
5546
5547
5548
5549
5550
5554
5558
5559
5560
5562
5563
5564
5565
5566
5567
5568
5569
5575
5576
5577
5578
5579
5597
5598
5601
5603
5604
5605
5610
5611
5615
5616
5617
5618
5619
5620
5621
5622
5623
5624
5626
5631
5632
5633
5634
5635
5636
5637
5639
5640
5641
5642
5643
5644
5645
5646
5648
5649
5650
5651
5652
5653
5654
5655
5656
5657
5685
5686
5688
5689
5691
5692
5693
5694
5695
5696
5697
5698
5703
5704
5705
5706
5710
5711
5713
5715
5721
5722
5723
5724
5725
5726
5733
5739
5741
5742
5743
5745
5747
5748
5749
5752
5754
5755
5757
5765
5766
5768
5769
5770
5771
5772
5773
5774
5775
5776
5779
5781
5782
5783
5784
5785
5786
5788
5790
5791
5792
5793
5794
5795
5796
5797
