5254
5255
5256
5257
5258
5259
5263
5264
5265
5266
5267
5268
5269
5270
5271
5272
5273
5274
5275
5278
5279
5280
5281
5282
5283
5284
5285
5286
5287
5288
5292
5293
5294
5295
5296
5297
5298
5299
5302
5303
5304
5305
5306
5307
5309
5310
5311
5312
5313
5314
5315
5316
5318
5319
5322
5329
5330
5331
5332
5333
5334
5339
5340
5342
5344
5345
5346
5347
5348
5349
5350
5351
5375
5378
5379
5380
5381
5382
5383
5384
5385
5386
5387
5403
5404
5405
5406
5407
5409
5410
5411
5412
5538
5541
5542
5546
5547
5548
5549
5550
5554
5558
5559
5560
5562
5563
5564
5565
5566
5567
5568
5569
5575
5576
5577
5578
5579
5597
5598
5601
5603
5604
5605
5610
5611
