7373 7 0 0 7 0 0 0 0 0 0 0 0 0 0
7374 1 0 0 0 0 0 0 0 0 0 1 1 1 1
7403 3 0 0 0 0 0 0 0 0 0 3 3 3 3
7404 2 0 0 0 0 0 0 0 0 0 0 0 0 0
7406 2 0 0 0 0 0 0 0 0 0 0 0 0 0
7407 2 0 0 1 0 0 0 0 0 0 1 1 1 1
7408 1 0 0 1 0 0 0 0 0 0 0 0 0 0
7409 2 0 0 2 0 0 0 0 0 0 0 0 0 0
7411 23 0 0 14 0 0 0 0 0 0 9 9 9 9
7415 1 0 0 1 0 0 0 0 0 0 0 0 0 0
7427 1 0 0 1 0 0 0 0 0 0 1 1 1 1
7428 6 0 0 4 0 0 0 0 0 0 6 6 6 6
7429 17 0 0 9 0 0 0 0 0 0 6 6 6 6
7443 15 0 0 5 0 0 0 0 0 0 10 10 10 10
7444 11 0 0 10 0 0 0 0 0 0 8 8 8 8
7445 11 0 0 5 0 0 0 0 0 0 4 4 4 4
7446 6 0 0 2 0 0 0 0 0 0 1 1 1 1
7447 33 0 0 18 0 0 0 0 0 0 4 4 3 3
7479 13 0 0 10 0 0 0 2 0 0 7 7 0 0
7483 8 0 0 2 0 0 0 0 2 2 6 6 2 2
7485 1 0 0 1 0 0 0 0 0 0 1 1 0 0
7486 12 0 0 5 0 0 0 0 0 0 2 2 2 2
7487 12 0 0 4 0 0 0 0 1 1 2 2 2 2
7488 12 0 0 5 0 1 0 1 0 0 1 1 1 1
7490 12 0 0 4 0 0 0 0 0 0 1 1 1 1
7492 13 0 0 5 0 0 0 0 0 0 0 0 0 0
7494 15 0 0 6 0 0 0 0 0 0 4 4 4 4
7495 34 0 0 19 0 0 0 0 0 0 5 5 5 5
7496 22 0 0 14 0 1 0 0 0 0 3 3 3 3
7629 13 0 0 5 0 0 0 0 0 0 0 0 0 0
7630 15 0 0 12 0 0 0 0 0 0 0 0 0 0
7631 1 0 0 0 0 0 0 0 0 0 1 1 0 0
7632 0 0 0 0 0 0 0 0 0 0 0 0 0 0
7633 0 0 0 0 0 0 0 0 0 0 0 0 0 0
7634 1 0 0 0 0 0 0 0 0 0 1 1 0 0
7635 0 0 0 0 0 0 0 0 0 0 0 0 0 0
7636 37 0 0 20 0 0 0 0 0 0 0 0 0 0
7637 3 0 0 0 0 0 0 0 0 0 0 0 0 0
7644 38 0 0 23 0 0 0 0 0 0 0 0 0 0
7653 7 0 0 5 0 0 0 0 0 0 0 0 0 0
7779 37 0 0 21 0 0 0 0 0 0 4 4 4 4
7780 28 0 0 19 0 0 0 1 0 0 2 2 2 2
7781 36 0 0 18 1 1 1 1 2 2 7 7 7 7
7782 5 0 0 4 0 0 0 0 1 1 2 2 2 2
7783 1 0 0 0 0 0 0 0 0 0 0 0 0 0
7785 11 0 0 5 0 0 0 0 0 0 1 1 1 1
7786 2 0 0 1 0 0 0 0 0 0 1 1 1 1
7794 8 0 0 3 0 0 0 0 0 0 2 2 2 2
7795 29 0 0 15 0 0 0 0 0 0 0 0 0 0
7796 40 0 0 22 0 0 0 0 0 0 6 6 3 3
7797 1 0 0 0 0 0 0 0 0 0 0 0 0 0
7798 41 1 0 24 4 4 4 4 4 4 5 5 5 5
7799 38 0 0 31 0 0 0 0 0 0 0 0 0 0
7800 39 0 0 32 0 0 0 0 0 0 1 1 1 1
7801 34 0 0 24 0 0 0 0 0 0 1 1 1 1
7802 3 0 0 1 0 0 0 0 0 0 1 1 1 1
7803 36 0 0 24 0 0 0 0 0 0 1 1 1 1
7804 363 0 0 346 1 3 1 3 1 1 9 9 9 9
7805 33 0 0 19 0 0 0 0 0 0 2 2 2 2
7806 1 0 0 0 0 0 0 0 0 0 0 0 0 0
7807 28 0 0 12 0 0 0 0 0 0 0 0 0 0
7808 99 0 0 95 0 0 0 0 0 0 2 2 1 1
7809 8 0 0 7 0 0 0 0 0 0 0 0 0 0
7947 24 0 0 15 1 1 1 1 1 1 1 1 1 1
7948 26 0 0 22 0 0 0 0 0 0 0 0 0 0
7949 25 0 0 19 0 0 0 0 0 0 0 0 0 0
7953 6 0 0 4 0 0 0 0 0 0 1 1 1 1
7961 8 0 0 5 0 0 0 0 0 0 0 0 0 0
7962 6 0 0 4 0 0 0 0 0 0 0 0 0 0
7963 24 0 0 15 1 1 1 1 1 1 1 1 1 1
7964 24 0 0 16 2 2 2 2 2 2 2 2 2 2
7965 12 0 0 8 1 1 1 1 1 1 1 1 1 1
7966 24 0 0 12 1 1 1 1 1 1 1 1 1 1
7967 25 0 0 18 0 0 0 0 0 0 2 2 2 2
7968 23 0 0 19 0 0 0 0 0 0 2 2 2 2
7969 3 0 0 3 0 0 0 0 0 0 0 0 0 0
7970 24 0 0 20 1 1 1 1 1 1 1 1 1 1
7972 17 0 0 13 0 0 0 0 0 0 0 0 0 0
7975 4 0 0 2 0 0 0 0 0 0 0 0 0 0
7976 6 0 0 4 0 0 0 0 0 0 0 0 0 0
7982 4 0 0 4 0 0 0 0 0 0 0 0 0 0
7983 23 0 0 11 0 0 0 0 0 0 1 1 1 1
7984 24 0 0 14 1 1 1 1 1 1 2 2 2 2
7985 24 0 0 15 1 1 1 1 1 1 1 1 1 1
7986 24 0 0 10 1 1 1 1 1 1 1 1 1 1
7987 24 0 0 11 0 0 0 0 0 0 0 0 0 0
7988 23 0 0 15 0 0 0 0 0 0 0 0 0 0
7989 8 0 0 2 0 0 0 0 0 0 0 0 0 0
8025 23 0 0 11 0 0 0 0 0 0 0 0 0 0
8026 24 0 0 17 0 0 0 0 0 0 0 0 0 0
8027 24 0 0 16 1 1 1 1 1 1 1 1 1 1
8028 28 0 0 14 0 0 0 0 0 0 0 0 0 0
8029 24 0 0 21 0 0 0 1 0 0 0 0 0 0
8030 16 0 0 12 1 1 1 1 1 1 1 1 1 1
8031 14 0 0 5 1 1 1 1 1 1 1 1 1 1
8038 20 0 0 12 0 0 0 0 0 0 0 0 0 0
8039 24 0 0 16 0 0 0 0 0 0 0 0 0 0
8040 24 0 0 17 2 2 2 2 2 2 2 2 2 2
8041 7 0 0 3 0 0 0 0 0 0 0 0 0 0
8043 23 0 0 16 0 0 0 1 0 0 0 0 0 0
8044 24 0 0 18 2 2 2 2 2 2 2 2 2 2
8045 23 0 0 17 0 0 0 0 0 0 2 2 2 2
8046 23 0 0 13 2 2 2 2 2 2 4 4 4 4
8047 23 0 0 8 0 0 0 0 0 0 0 0 0 0
8048 23 0 0 10 1 1 1 1 3 3 3 3 3 3
8049 6 0 0 4 0 0 0 0 1 1 1 1 1 1
8051 7 0 0 7 0 0 0 0 0 0 0 0 0 0
8052 1 0 0 0 0 0 0 0 0 0 1 1 0 0
8054 59 0 0 59 0 0 0 0 0 0 0 0 0 0
8055 12 0 0 8 0 0 0 0 0 0 0 0 0 0
8057 23 0 0 13 2 2 2 2 2 2 2 2 2 2
8058 23 0 0 17 1 1 1 1 1 1 1 1 1 1
8059 26 0 0 22 0 0 0 0 0 0 0 0 0 0
8072 24 0 0 16 0 0 0 0 0 0 0 0 0 0
8073 23 0 0 18 0 0 0 0 0 0 1 1 1 1
8074 20 0 0 12 0 0 0 0 0 0 1 1 1 1
8075 8 0 0 5 0 0 0 0 0 0 0 0 0 0
8076 1 0 0 0 0 0 0 0 0 0 0 0 0 0
8077 13 0 0 6 1 2 1 1 1 1 1 1 1 1
8079 1 1 0 0 0 0 0 0 0 0 0 0 0 0
8085 13 0 0 9 0 0 0 0 0 0 0 0 0 0
8086 22 0 0 17 0 0 0 0 0 0 0 0 0 0
8087 24 0 0 14 0 0 0 0 0 0 2 2 2 2
8088 6 0 0 2 0 0 0 0 0 0 0 0 0 0
8089 22 0 0 7 0 0 0 1 0 0 1 1 1 1
8090 7 0 0 3 0 0 0 0 0 0 0 0 0 0
8092 22 0 0 6 1 1 1 1 1 1 2 2 2 2
8093 2 0 0 1 0 0 0 0 0 0 0 0 0 0
8094 22 0 0 17 0 2 0 1 0 1 0 1 0 1
8095 23 0 0 11 3 3 3 3 3 3 5 5 5 5
8096 22 0 0 10 2 2 2 2 2 2 3 3 3 3
8097 22 0 0 8 0 0 0 0 0 0 1 1 1 1
8098 23 0 0 16 0 0 0 0 0 0 0 0 0 0
8099 29 0 0 22 1 1 1 1 1 1 1 1 1 1
8100 8 0 0 1 0 0 0 1 0 0 8 8 8 8
