7373 0 7824390064
7373 10 7830057132
7373 20 7919300748
7373 30 7880500528
7373 40 7826008436
7373 50 7776397248
7373 60 7768280364
7374 0 7125455104
7403 0 4938887176
7403 10 5373477992
7403 20 5353121228
7404 0 6544576680
7404 10 476249100
7406 0 6693488412
7406 10 6439146740
7407 0 5943465320
7407 10 7324372460
7408 0 7786641128
7409 0 7736773020
7409 10 7755923196
7411 0 8123645084
7411 100 7485504124
7411 10 7824337252
7411 110 7804978168
7411 120 7849831120
7411 130 7834967104
7411 140 7857257700
7411 150 7831392116
7411 160 7895775112
7411 170 8188188456
7411 180 8204861204
7411 190 8133202996
7411 200 8146440000
7411 20 7823843840
7411 210 8056257008
7411 220 1387488836
7411 30 7874146524
7411 40 7814739972
7411 50 8183318904
7411 60 8155036536
7411 70 7414209236
7411 80 7437254860
7411 90 552087164
7415 0 7486143044
7427 0 7876919424
7428 0 8166117796
7428 10 8220245900
7428 20 8222684044
7428 30 8187877772
7428 40 8237172072
7428 50 8238567816
7429 0 8180357740
7429 100 7423012616
7429 10 8184044780
7429 110 7430917568
7429 120 7449166372
7429 130 7420347600
7429 140 7501515344
7429 150 7796192812
7429 160 8020823216
7429 20 8181914480
7429 30 8167361872
7429 40 8163722768
7429 50 7989298852
7429 60 7417591620
7429 70 7437461104
7429 80 7417207568
7429 90 7367022752
7443 0 7838425648
7443 100 7321905124
7443 10 8168425716
7443 110 7334118168
7443 120 8145785708
7443 130 7295520736
7443 140 7285832372
7443 20 8178566052
7443 30 8178744996
7443 40 8152030792
7443 50 8174865932
7443 60 8165354460
7443 70 7320932400
7443 80 8175712208
7443 90 8197003888
7444 0 8012607808
7444 100 8137467528
7444 10 8131343816
7444 20 8140854312
7444 30 8120285972
7444 40 7275797328
7444 50 8154340788
7444 60 7432805964
7444 70 8238514012
7444 80 7292115388
7444 90 8180899844
7445 0 8132192972
7445 100 7262863600
7445 10 8184773484
7445 20 7373688556
7445 30 7268434584
7445 40 7279752980
7445 50 8219616556
7445 60 7259463156
7445 70 7267022508
7445 80 7249474720
7445 90 8122658036
7446 0 8020517416
7446 10 7620774200
7446 20 7618606688
7446 30 8207214836
7446 40 7634583424
7446 50 7620277996
7447 0 7668127712
7447 100 7702670320
7447 10 7707888516
7447 110 7739674512
7447 120 7729101840
7447 130 7720892104
7447 140 7733867684
7447 150 7731399412
7447 160 7718143136
7447 170 7716234908
7447 180 7723884776
7447 190 7728022452
7447 200 7729241572
7447 20 7737359256
7447 210 8144800728
7447 220 7725532388
7447 230 7704219064
7447 240 7730800744
7447 250 7748050988
7447 260 7700380080
7447 270 7957452364
7447 280 8141803664
7447 290 7708213556
7447 300 8014573972
7447 30 7707800860
7447 310 7781242976
7447 320 7751943800
7447 40 7715257832
7447 50 7745171136
7447 60 7721874552
7447 70 7749274276
7447 80 8094684180
7447 90 7713941192
7479 0 7457703252
7479 100 7473985032
7479 10 8091757820
7479 110 5193986988
7479 120 7456801464
7479 20 7393152328
7479 30 7424314224
7479 40 7446285032
7479 50 7446777168
7479 60 7430417032
7479 70 7120205192
7479 80 6954693952
7479 90 7479677060
7483 0 7193656088
7483 10 7187051308
7483 20 7201328024
7483 30 7201978652
7483 40 7185997672
7483 50 7206125608
7483 60 7192963716
7483 70 7209549288
7485 0 7021737016
7486 0 6911623088
7486 100 6986588640
7486 10 7012300392
7486 110 5232483800
7486 20 6952450652
7486 30 6953821388
7486 40 6974722180
7486 50 5043864808
7486 60 6967953400
7486 70 6965145856
7486 80 6946748356
7486 90 6991254824
7487 0 6954702040
7487 100 6980594992
7487 10 6963574956
7487 110 6987039748
7487 20 6979383348
7487 30 6995526516
7487 40 6996268076
7487 50 5552531212
7487 60 5334754312
7487 70 6976789528
7487 80 7023845808
7487 90 6990516656
7488 0 5256292396
7488 100 6749422180
7488 10 1210296036
7488 110 6783521636
7488 20 6778397380
7488 30 6749264004
7488 40 6742205364
7488 50 4514572896
7488 60 6760576208
7488 70 6787152660
7488 80 6783481780
7488 90 6755885972
7490 0 6760501284
7490 100 6795730252
7490 10 5157601364
7490 110 6795452940
7490 20 6767970828
7490 30 6804207612
7490 40 6766965768
7490 50 6790012400
7490 60 6788400496
7490 70 6788574496
7490 80 6771248764
7490 90 6788574376
7492 0 7055157640
7492 100 7091951408
7492 10 7071701952
7492 110 7122898292
7492 120 7094324940
7492 20 7118212740
7492 30 7088667516
7492 40 7092781260
7492 50 7096765568
7492 60 7084630184
7492 70 7115112836
7492 80 7094577340
7492 90 7096782024
7494 0 7074669720
7494 100 7131166064
7494 10 7124105208
7494 110 4754078552
7494 120 7122898504
7494 130 7157176660
7494 140 7147627104
7494 20 7116359856
7494 30 7131053152
7494 40 5497897760
7494 50 7115404152
7494 60 5452303972
7494 70 7125637552
7494 80 5506263348
7494 90 7123402292
7495 0 6751935004
7495 100 6815149236
7495 10 6797467296
7495 110 5207781756
7495 120 6784557028
7495 130 6774164196
7495 140 6799696496
7495 150 6232307220
7495 160 5230275112
7495 170 6804861592
7495 180 6783762892
7495 190 6782383848
7495 200 6810451520
7495 20 6811546484
7495 210 6789623452
7495 220 6804215948
7495 230 6789922444
7495 240 6780303568
7495 250 5160571972
7495 260 6773742900
7495 270 6798299904
7495 280 6775428876
7495 290 6777794916
7495 300 6788618344
7495 30 6797053040
7495 310 6800666736
7495 320 6774275392
7495 330 1675079496
7495 40 6806601096
7495 50 6816503904
7495 60 5174923452
7495 70 6816413204
7495 80 5154070632
7495 90 6819813652
7496 0 6125874044
7496 100 6816731332
7496 10 6762704872
7496 110 6798504956
7496 120 6798035300
7496 130 6838674044
7496 140 6781890176
7496 150 6808848664
7496 160 5154545144
7496 170 6788432828
7496 180 5176779004
7496 190 6797633512
7496 200 6789370016
7496 20 6798196272
7496 210 6795941596
7496 30 4927222104
7496 40 6809020184
7496 50 5181904392
7496 60 6781186204
7496 70 6816724428
7496 80 6799994108
7496 90 6808802824
7629 0 6103901916
7629 100 6163153016
7629 10 6084844572
7629 110 6234476644
7629 120 5653831316
7629 20 6200658684
7629 30 6218133820
7629 40 6171191380
7629 50 6195966216
7629 60 6238141044
7629 70 6197221184
7629 80 6166315520
7629 90 6176231160
7630 0 6023007612
7630 100 6065500524
7630 10 6274720680
7630 110 6279811796
7630 120 6098765052
7630 130 6200183032
7630 140 6141204544
7630 20 6146139720
7630 30 6112162756
7630 40 5810900172
7630 50 6045795368
7630 60 6099510972
7630 70 6048427944
7630 80 6000775052
7630 90 6248714208
7631 0 2498494472
7634 0 2727806544
7636 0 6020888100
7636 100 6038037436
7636 10 6137472584
7636 110 6047497996
7636 120 6133676664
7636 130 6155733708
7636 140 6142355492
7636 150 5365238592
7636 160 6152676780
7636 170 6167894604
7636 180 6198885160
7636 190 6124527676
7636 200 6151732192
7636 20 5957466408
7636 210 6172919756
7636 220 6149686212
7636 230 6167343528
7636 240 6185826924
7636 250 6166972924
7636 260 5761838784
7636 270 6144561600
7636 280 6136098720
7636 290 6121632056
7636 300 6133385344
7636 30 5831874416
7636 310 6133839664
7636 320 6146608232
7636 330 6126314812
7636 340 6157380252
7636 350 6153453472
7636 360 6141870576
7636 40 6100744384
7636 50 6222483940
7636 60 6224179032
7636 70 6153999556
7636 80 6275594824
7636 90 6137525256
7637 0 5975423004
7637 10 6116195908
7637 20 6099274300
7644 0 6130078204
7644 100 6100107712
7644 10 6144431012
7644 110 6200331108
7644 120 6255555856
7644 140 6238573608
7644 150 6130424776
7644 160 6174915744
7644 170 6177415704
7644 180 6226883152
7644 190 6292474712
7644 200 6163197820
7644 20 6170904576
7644 210 6222037600
7644 220 6237754508
7644 230 6205585872
7644 240 6359380228
7644 250 6266247964
7644 260 6294625324
7644 270 6262468692
7644 280 6366889572
7644 290 6227035828
7644 300 6007081700
7644 30 6132858596
7644 310 6220468652
7644 320 6248823984
7644 330 6222595304
7644 340 6148896344
7644 350 6183670900
7644 360 6124241596
7644 40 6093401732
7644 50 6114436552
7644 60 6021034384
7644 70 6194609052
7644 80 6254723492
7644 90 6152657792
7653 0 6249001420
7653 10 6210494120
7653 20 6299448144
7653 30 6279461364
7653 40 6218732844
7653 50 6187967900
7653 60 6169129696
7779 0 4562950084
7779 100 6987850344
7779 10 4650115084
7779 110 7019352208
7779 120 7025530100
7779 130 6999034820
7779 140 6996766232
7779 150 4761246412
7779 160 4605023276
7779 170 7001841944
7779 180 6953193620
7779 190 6973878104
7779 200 5857387320
7779 20 6446341224
7779 210 7009795756
7779 220 5544968584
7779 230 7017505068
7779 240 6961499304
7779 250 7019065452
7779 260 7002569964
7779 270 7004073488
7779 280 7009218192
7779 290 7008404940
7779 300 7015296280
7779 30 6544632888
7779 310 6993891996
7779 320 7002040892
7779 330 7000827108
7779 340 6983990876
7779 350 6995876088
7779 360 6984839020
7779 40 6461833828
7779 50 6681693880
7779 60 7012860904
7779 70 7005988520
7779 80 7030469896
7779 90 7017471512
7780 0 6950432080
7780 100 6936194188
7780 10 7000636140
7780 110 6989953884
7780 120 6998612908
7780 130 6965313208
7780 140 6989351200
7780 150 6978569748
7780 160 7009939968
7780 170 7014160752
7780 180 4489113604
7780 190 4697149100
7780 200 4559287796
7780 20 6992816608
7780 210 6998399012
7780 220 7011742880
7780 230 6981102668
7780 240 5157945360
7780 250 6986590640
7780 260 6970434664
7780 270 6988633136
7780 30 6984760032
7780 40 7006618844
7780 50 6938225800
7780 60 7006451748
7780 70 7009663928
7780 80 6999803060
7780 90 6334467004
7781 0 6958622320
7781 100 6956275828
7781 10 7007664780
7781 110 6948444612
7781 120 6928916632
7781 130 6987398704
7781 140 6985794804
7781 150 4728505532
7781 160 7001487696
7781 170 6157948764
7781 180 7000327708
7781 190 6977161108
7781 200 7002068684
7781 20 4982102840
7781 210 5213762076
7781 220 4665600044
7781 230 6989415204
7781 240 7005247664
7781 250 7033442680
7781 260 7015922800
7781 270 7015078032
7781 280 7031394852
7781 290 7012094608
7781 300 7013360312
7781 30 6991236816
7781 310 6990266488
7781 320 6991941652
7781 330 7000283432
7781 340 6985058500
7781 350 7004498788
7781 40 6973487424
7781 50 4561730860
7781 60 6999949244
7781 70 6984210608
7781 80 4684999164
7781 90 4485664312
7782 0 6923951736
7782 10 6987489892
7782 20 6975150812
7782 30 4700317408
7782 40 6951024120
7783 0 6944633512
7785 0 6975891072
7785 100 6140143924
7785 10 7017522492
7785 20 5640667332
7785 30 6433867244
7785 40 6434637368
7785 50 6444801312
7785 60 4594026424
7785 70 6392265844
7785 80 6955077376
7785 90 6962895080
7786 0 6927477484
7786 10 1726554888
7794 0 4472523848
7794 10 6771373508
7794 20 6784485376
7794 30 6775863332
7794 40 6782629796
7794 50 4579458260
7794 60 6779307108
7794 70 6769712708
7795 0 6448093116
7795 100 7010433160
7795 10 7041511364
7795 110 6992476640
7795 120 6990377212
7795 130 7009534284
7795 140 5563841440
7795 150 5206794900
7795 160 7015873556
7795 170 7027095400
7795 180 7028294212
7795 190 6992191932
7795 200 6981621108
7795 20 7023760884
7795 210 6994277212
7795 220 6988560148
7795 230 7002323044
7795 240 6989271328
7795 250 5226748252
7795 260 7005214220
7795 270 7020967260
7795 280 7013061800
7795 30 7015551924
7795 40 7023463984
7795 50 7006355264
7795 60 7011802424
7795 70 7010965100
7795 80 6999146724
7795 90 7002782792
7796 0 6943540016
7796 100 4666460048
7796 10 6986840132
7796 110 7014333532
7796 120 7031769508
7796 130 4520963176
7796 140 7010524224
7796 150 7009324760
7796 160 7021556916
7796 170 6032896824
7796 180 6570077996
7796 190 7097966376
7796 200 7074467008
7796 20 7010083200
7796 210 7077701744
7796 220 6280544500
7796 230 12162778136
7796 240 12297892608
7796 250 12181748224
7796 260 12182234416
7796 270 7037750580
7796 280 7052055316
7796 290 7029770348
7796 300 7039496448
7796 30 7015310384
7796 310 7011330356
7796 320 7016495872
7796 330 7020854732
7796 340 7049200200
7796 350 7041718992
7796 360 7045438252
7796 370 7066534832
7796 380 7062979272
7796 390 7063040572
7796 40 7023628600
7796 50 6994747716
7796 60 7013095752
7796 70 6506710036
7796 80 6997814604
7796 90 4713129120
7797 0 5566868448
7798 0 6985477776
7798 100 6983703268
7798 10 7015879344
7798 110 5212926548
7798 120 6656136500
7798 130 7034836472
7798 140 7031119636
7798 150 7032716392
7798 160 7027459844
7798 170 7015686704
7798 180 7024941904
7798 190 7011631920
7798 200 7013347684
7798 20 7031749488
7798 210 7006810596
7798 220 6990964500
7798 230 7023468568
7798 240 6984614496
7798 250 7035406996
7798 260 7030691376
7798 270 7036750272
7798 280 4507183324
7798 290 7018875312
7798 300 7044886272
7798 310 7036188004
7798 320 7048592896
7798 330 7050436452
7798 340 7036038376
7798 350 7034344640
7798 360 7018994064
7798 370 7024880004
7798 380 7029750292
7798 390 7024355844
7798 400 6964856244
7798 40 6533625560
7798 50 7008410728
7798 60 7017833872
7798 70 7019666656
7798 80 7029117388
7798 90 7030863004
7799 0 6968815048
7799 100 6997670808
7799 10 7001349612
7799 110 6946008332
7799 120 6963511448
7799 130 6977712476
7799 140 7012727084
7799 150 7009630272
7799 160 7025767500
7799 170 7006464044
7799 180 7010422984
7799 190 6986623084
7799 200 7028624204
7799 20 7001352948
7799 210 7018275276
7799 220 7024668608
7799 230 7010215264
7799 240 7010517736
7799 250 7006945656
7799 260 6988878380
7799 270 7011349728
7799 280 7021996000
7799 290 6991490228
7799 300 7004178520
7799 30 6992889396
7799 310 7033763392
7799 320 7002829860
7799 330 6999830856
7799 340 7013583112
7799 350 7003898836
7799 360 7017396568
7799 370 6694260520
7799 40 7007903016
7799 50 6983296496
7799 60 6988021144
7799 70 6973836528
7799 80 7007474364
7799 90 7001604552
7800 0 7010480056
7800 100 6980676052
7800 10 7067502592
7800 110 7014047912
7800 120 7025418904
7800 130 7008787168
7800 140 6995272344
7800 150 7013176144
7800 160 7007777660
7800 170 7011877072
7800 180 7000444480
7800 190 6991872852
7800 200 7021890880
7800 20 5311216276
7800 210 6979136764
7800 220 6990251452
7800 230 6988643476
7800 240 6992880872
7800 250 7005909896
7800 260 7005403600
7800 270 7028747060
7800 280 7006639024
7800 290 7002039400
7800 300 7013269392
7800 30 4727613864
7800 310 7001250616
7800 320 7010446356
7800 330 6997841536
7800 340 7022050564
7800 350 7018049940
7800 360 6951871916
7800 370 7012119040
7800 380 7012360196
7800 40 7012546332
7800 50 7009976076
7800 60 6998620404
7800 70 6982968628
7800 80 5933272872
7800 90 7016744568
7801 0 6974506556
7801 100 6298067776
7801 10 7030591136
7801 110 4677359956
7801 120 6996749940
7801 130 5297624828
7801 150 6970375064
7801 160 6967170976
7801 170 6954802992
7801 180 6961170356
7801 190 6925582648
7801 200 6942450964
7801 210 7002361364
7801 220 6458791848
7801 230 6970719148
7801 240 6955920664
7801 250 6975215572
7801 260 6968289536
7801 270 6972590524
7801 280 6909684368
7801 290 7016511476
7801 300 6973694792
7801 30 7001266452
7801 310 6895242524
7801 320 7012753656
7801 330 6995396804
7801 340 7012153836
7801 350 6503401432
7801 40 7024701012
7801 50 6989374604
7801 60 6984350588
7801 70 5884559140
7801 80 7001966540
7801 90 7008970388
7802 0 6966392316
7802 10 4524158364
7802 30 6936994588
7803 0 6554660540
7803 100 6992290748
7803 10 7023829964
7803 120 7007904460
7803 130 7024633916
7803 140 7013074552
7803 150 7011486824
7803 160 7029075012
7803 170 5318877488
7803 190 7013649308
7803 200 7025659308
7803 20 6999956656
7803 210 4722753764
7803 220 7037392456
7803 230 7022679352
7803 240 7007892736
7803 250 7013511344
7803 260 7014264928
7803 270 7001479064
7803 280 7021168892
7803 290 7024246752
7803 300 7022789140
7803 30 7018420124
7803 310 7032141608
7803 320 7044964524
7803 330 7043944272
7803 340 7042524668
7803 350 7036356224
7803 360 7019044276
7803 370 6959084384
7803 40 7007863464
7803 50 6998964872
7803 60 5368109212
7803 70 6986245452
7803 80 7010405248
7803 90 7004957100
7804 0 6990302400
7804 100 7019172180
7804 10 7029846180
7804 110 7031343140
7804 120 7028342520
7804 130 7027270488
7804 140 6987480536
7804 150 7030615416
7804 160 6840798488
7804 170 7001847400
7804 180 7004292316
7804 190 7015780180
7804 200 4733758292
7804 20 6988455056
7804 210 6978728916
7804 220 6995850336
7804 230 6990745048
7804 240 7017310880
7804 250 5737706944
7804 260 7038208132
7804 270 7037866900
7804 280 7024650768
7804 290 7017491956
7804 300 7019431992
7804 30 7030594104
7804 310 7032647720
7804 320 7031757752
7804 330 7020363316
7804 340 7015457420
7804 350 7031814812
7804 360 6719119876
7804 40 4655984860
7804 50 7024872916
7804 60 7034824960
7804 70 7018929992
7804 80 7029029648
7804 90 7025837904
7805 0 6974568764
7805 100 7039935644
7805 10 6294549576
7805 110 7034883268
7805 130 4648548948
7805 140 7020146652
7805 150 7010190896
7805 160 7004801604
7805 170 7022727120
7805 180 7020003780
7805 190 7030398672
7805 200 7039221124
7805 210 4722872208
7805 220 7034760716
7805 230 7040153432
7805 240 7032516420
7805 250 7030076996
7805 260 7028090568
7805 280 7024665116
7805 290 7017299004
7805 300 6999347424
7805 310 6989387128
7805 320 6985188724
7805 330 5837577284
7805 340 6992311148
7805 350 7007660640
7805 360 7013474168
7805 40 7034705108
7805 50 7026695292
7805 60 7019409104
7805 70 7039920380
7805 80 6206608656
7805 90 7034285264
7806 0 1836475836
7807 0 6921043276
7807 100 7002328052
7807 10 7034534132
7807 110 7005230720
7807 120 7004371620
7807 130 7024295188
7807 140 7034241848
7807 150 7041349064
7807 160 7044248672
7807 170 7039723128
7807 180 7041917692
7807 190 7021500732
7807 200 7020444384
7807 20 7032387172
7807 210 6931346348
7807 220 7011348436
7807 240 7002487868
7807 250 6995035012
7807 260 7019022908
7807 270 7023942140
7807 290 7044120984
7807 30 7025870360
7807 40 7034293732
7807 50 7029002396
7807 60 7022820364
7807 70 7015106676
7807 90 7008475520
7808 0 7334678828
7808 10 4971476616
7808 20 7496547704
7808 30 7507741252
7808 40 7506889532
7808 50 7510745332
7808 60 7509070180
7808 70 7528845192
7808 80 7497704328
7808 90 7499763412
7809 0 4892803448
7947 0 7046014200
7947 100 7086748476
7947 10 7073072316
7947 110 7083509660
7947 120 7079703560
7947 130 7078668252
7947 140 7011218800
7947 150 7061869548
7947 160 6995035152
7947 170 7068942664
7947 180 7140808596
7947 190 7062688188
7947 200 7049678660
7947 20 7034096396
7947 210 7010474708
7947 220 6979374976
7947 230 6994518136
7947 30 7009665908
7947 40 7115198052
7947 50 7068979668
7947 60 7151694220
7947 70 7055459300
7947 80 7058473652
7947 90 7087762956
7948 0 6962754576
7948 100 7037625612
7948 10 6997530752
7948 110 7004329712
7948 120 6940892596
7948 130 6952841172
7948 140 6975974968
7948 150 7045881456
7948 160 6980437400
7948 170 7052400036
7948 180 6973882308
7948 190 6970054928
7948 200 7077215636
7948 20 7061105544
7948 210 7014527332
7948 220 7003083092
7948 230 7006751520
7948 240 6960477508
7948 250 7021150772
7948 30 6940651992
7948 40 7006347612
7948 50 6275532888
7948 60 6961691504
7948 70 7015582796
7948 80 7048256960
7948 90 6958663912
7949 0 7007985608
7949 100 6980128088
7949 10 7084581532
7949 110 6982332864
7949 120 6962458552
7949 130 6966467644
7949 140 7026480092
7949 150 6975322140
7949 160 6972138904
7949 170 6941811344
7949 180 6988188508
7949 190 6987665692
7949 200 6977041980
7949 20 7047542544
7949 210 6910365760
7949 220 6999145700
7949 230 6999155656
7949 240 6948258088
7949 30 7074265344
7949 40 7045985764
7949 50 6983733232
7949 60 6983786632
7949 70 6952246148
7949 80 7003671880
7949 90 7001361868
7953 0 4577074664
7953 10 6939136180
7953 20 6959798676
7953 30 6960243508
7953 40 6980208092
7953 50 6989536888
7961 0 6637448460
7961 10 6953471012
7961 20 7021164388
7961 30 6989073908
7961 40 6976502200
7961 50 7037141256
7961 60 6592908644
7961 70 4204134336
7962 0 7014943056
7962 10 7008330024
7962 20 6932066880
7962 30 6938309520
7962 40 6976182324
7962 50 6997698448
7963 0 6747050940
7963 100 6996568840
7963 10 6983354804
7963 110 6989628156
7963 120 7021899184
7963 130 6898660112
7963 140 6969660328
7963 150 7009850160
7963 160 7013730244
7963 170 7016996068
7963 180 6960696272
7963 190 6996142700
7963 200 7026490132
7963 20 6992817316
7963 210 6959352912
7963 220 7041062016
7963 230 6993666184
7963 30 7025379396
7963 40 6994429492
7963 50 6940311004
7963 60 6997195116
7963 70 7020457304
7963 80 6973459100
7963 90 7001810896
7964 0 7008071048
7964 100 6962914988
7964 10 6907830368
7964 110 7041767076
7964 120 6971273084
7964 130 7023198408
7964 140 7063561696
7964 150 6968551844
7964 160 7007182292
7964 170 7041532232
7964 180 6940282476
7964 190 7016733156
7964 200 6976464688
7964 20 7003849072
7964 210 7021150648
7964 220 6997977756
7964 230 6973914512
7964 30 6995123508
7964 40 6962829040
7964 50 7067859476
7964 60 7036741292
7964 70 7022220096
7964 80 7042281288
7964 90 7048226420
7965 0 7011398460
7965 100 7027996104
7965 10 6934982936
7965 110 6956815732
7965 20 7030166780
7965 30 7043531440
7965 40 6988207652
7965 50 7066559968
7965 60 6975862328
7965 70 6978271644
7965 80 7042988172
7965 90 6982839216
7966 0 7021795404
7966 100 7002391900
7966 10 7018937480
7966 110 7008327508
7966 120 6971675532
7966 130 6969151500
7966 140 6959551308
7966 150 7045643052
7966 160 7019216856
7966 170 6949219788
7966 180 7043711172
7966 190 6968596728
7966 200 6978172980
7966 20 7085153836
7966 210 6968393584
7966 220 6976073288
7966 230 7030153988
7966 30 7100535836
7966 40 4983584092
7966 50 6978133172
7966 60 6999322168
7966 70 6980797540
7966 80 7051484604
7966 90 6967808628
7967 0 6972835732
7967 100 6957343540
7967 10 6968226140
7967 110 7042545688
7967 120 7132111120
7967 130 7062829716
7967 140 7033403132
7967 150 4673263560
7967 160 7053427332
7967 170 7015511948
7967 180 7014853676
7967 190 7032102828
7967 200 6964511580
7967 20 7028220884
7967 210 6900973656
7967 220 7026002648
7967 230 7056597192
7967 240 6927369248
7967 30 7035301348
7967 40 4643443104
7967 50 6982451668
7967 60 7052881748
7967 70 7058279872
7967 80 7006789636
7967 90 7039179824
7968 0 7012727468
7968 100 7014959812
7968 10 6992620536
7968 110 7107752772
7968 120 6948734848
7968 130 7029769632
7968 140 7046997176
7968 150 7071420144
7968 160 7054190420
7968 170 7042003292
7968 180 7028586792
7968 190 7034855448
7968 200 7046425688
7968 20 7033845620
7968 210 7000691188
7968 220 7061887924
7968 30 7104153684
7968 40 7045994464
7968 50 7023797784
7968 60 7014020104
7968 70 7071083616
7968 80 4587856252
7968 90 4655965516
7969 0 7100608324
7969 10 7031911620
7969 20 6936310812
7970 0 6563654172
7970 10 7009550428
7970 110 7111056568
7970 120 6973467804
7970 130 7063065552
7970 140 6973569680
7970 150 6994579768
7970 160 7005661916
7970 170 7074602260
7970 180 6002149340
7970 190 6983619716
7970 200 6981575712
7970 20 7046522012
7970 210 6974088232
7970 220 7004566060
7970 230 7041873988
7970 40 6972017640
7970 50 6965289060
7970 60 7047926304
7970 70 6952215332
7970 80 7004064576
7970 90 6953372112
7972 0 5677413932
7972 100 6846194960
7972 10 6864167552
7972 110 6846747716
7972 120 6872926404
7972 130 6793984208
7972 140 6865870956
7972 150 6854106864
7972 160 6871230392
7972 20 6827781336
7972 30 6878321800
7972 40 6898953932
7972 50 6865597124
7972 60 6849244076
7972 70 6863231164
7972 80 6800784648
7972 90 6825536548
7975 0 5725822020
7975 10 5662263228
7975 20 5669900800
7975 30 6722548584
7976 0 6875615224
7976 10 7084991188
7976 20 6877938028
7976 30 6828327184
7976 40 6843643920
7976 50 6865028408
7982 0 6824375880
7982 10 6833866196
7982 20 6846804076
7982 30 6859375364
7983 0 4454981184
7983 100 6891777768
7983 10 6844926440
7983 110 6556331600
7983 120 6868418760
7983 130 6868312668
7983 140 6823299332
7983 150 6861192964
7983 160 6857481900
7983 170 30967296
7983 180 6848787312
7983 190 30895756
7983 200 6832786100
7983 20 6872188052
7983 210 6870167740
7983 220 6868451732
7983 30 6861816916
7983 40 6874124168
7983 50 6871492444
7983 60 6866567952
7983 70 6829712144
7983 80 5809050200
7983 90 6853805364
7984 0 6751202272
7984 100 6848456860
7984 10 6842610000
7984 110 6878816748
7984 120 6835320232
7984 130 6863284036
7984 140 6878988152
7984 150 6850980616
7984 160 6857892756
7984 170 6855178996
7984 180 6834424984
7984 190 4490603340
7984 200 6854437372
7984 20 6875466852
7984 210 6862672472
7984 220 6865412632
7984 230 6861832264
7984 30 6850984204
7984 40 6888595224
7984 50 6856441604
7984 60 6854692344
7984 70 6880460296
7984 80 6864167944
7984 90 6870535132
7985 0 6850670272
7985 100 6891960568
7985 10 6909960592
7985 110 6910297448
7985 120 6924952612
7985 130 6877046768
7985 140 6892791892
7985 150 6895945184
7985 160 6828030944
7985 170 6878911364
7985 180 6893381772
7985 190 6866642900
7985 200 6933345044
7985 20 6864905612
7985 210 6892052668
7985 220 6889296048
7985 230 5376970092
7985 30 6865492192
7985 40 6789664612
7985 50 6837730632
7985 60 6862237540
7985 70 6864703600
7985 80 6860061616
7985 90 6872367316
7986 0 6877213100
7986 100 6850453216
7986 10 6860840380
7986 110 6898513340
7986 120 6869775824
7986 130 6875293436
7986 140 6915271148
7986 150 6909901716
7986 160 6772860028
7986 170 6892899492
7986 180 6895085452
7986 190 6800053420
7986 200 6869176388
7986 20 6909322496
7986 210 6874507136
7986 220 6891869184
7986 230 1411480024
7986 30 6920358232
7986 40 6923000580
7986 50 6867221676
7986 60 6871263968
7986 70 6883723304
7986 80 6901491112
7986 90 6899039488
7987 0 6884885568
7987 100 6901137032
7987 10 6876926996
7987 110 6898327212
7987 120 6897189544
7987 130 6914093488
7987 140 6911756684
7987 150 6918067844
7987 160 6904186052
7987 170 6820109448
7987 180 6921921848
7987 190 6892866220
7987 200 6917545832
7987 20 6913123000
7987 210 6886430636
7987 220 6895505836
7987 230 6928791188
7987 30 6896696668
7987 40 6893316792
7987 50 6914493008
7987 60 6890989488
7987 70 6893880132
7987 80 6889690416
7987 90 6898481060
7988 0 5246130160
7988 100 6896136236
7988 10 6907824120
7988 110 6865436268
7988 120 6453166480
7988 130 6886071432
7988 140 6923235228
7988 150 6932131072
7988 160 6911882316
7988 170 6923838376
7988 180 6884044232
7988 190 6868198428
7988 200 6888152108
7988 20 6865617928
7988 210 6885001480
7988 220 6880521648
7988 30 6906593328
7988 40 6896945648
7988 50 6866197292
7988 60 6902870428
7988 70 6911874716
7988 80 6898890812
7988 90 6867709552
7989 0 6740339272
7989 10 6551328148
7989 20 6579764212
7989 30 6584387300
7989 40 6581087216
7989 50 6608514204
7989 60 6622451328
7989 70 6595584744
8025 0 7003089116
8025 100 7010864704
8025 10 7059513744
8025 110 6951091672
8025 120 6835520464
8025 130 6927249440
8025 140 7018979932
8025 150 7069174456
8025 160 7103933020
8025 170 6997344792
8025 180 7058986736
8025 190 7102990012
8025 200 7013154536
8025 20 7064891460
8025 210 7022365352
8025 220 7065811716
8025 30 6896727668
8025 40 7087417140
8025 50 7031028372
8025 60 7042735648
8025 70 7049741380
8025 80 7019852628
8025 90 7046893308
8026 0 7032011820
8026 100 6949008264
8026 10 7084972752
8026 110 7042790196
8026 120 6956988320
8026 130 7081694488
8026 140 7059950224
8026 150 6940983976
8026 160 7047160244
8026 170 7032432644
8026 180 7024803756
8026 190 7005376308
8026 200 7007354240
8026 20 6952434872
8026 210 6985603840
8026 220 6953431584
8026 230 1667769308
8026 30 7068131568
8026 40 7054762792
8026 50 7108576344
8026 60 7069216380
8026 70 7017673432
8026 80 7001048356
8026 90 7011827940
8027 0 7015168388
8027 100 7049657604
8027 10 7065396472
8027 110 7074120504
8027 120 7051518280
8027 130 7090645348
8027 140 7057793708
8027 150 6969314844
8027 160 7072702392
8027 170 7049503088
8027 180 7007918764
8027 190 7044707704
8027 200 7075112700
8027 20 7090301852
8027 210 7071021296
8027 220 7056841784
8027 230 7092304896
8027 30 6949090828
8027 40 7089496100
8027 50 7052559448
8027 60 7067936876
8027 70 7085811384
8027 80 7112310892
8027 90 7091832192
8028 0 7029468384
8028 100 6962731912
8028 10 7087679776
8028 110 7056787696
8028 120 7023579936
8028 130 7070454860
8028 140 6787066860
8028 150 6957237224
8028 160 7045900108
8028 170 7019008456
8028 180 7084918676
8028 190 6972214920
8028 200 7041298048
8028 20 7037540812
8028 210 6993180484
8028 220 7069074332
8028 230 7069387936
8028 240 6983684812
8028 250 7014342508
8028 260 6929232484
8028 270 7038504340
8028 30 6963076000
8028 40 6595932000
8028 50 7075231348
8028 60 7075965960
8028 70 5183788920
8028 80 7079243896
8028 90 7038987420
8029 0 6856059364
8029 100 7045221260
8029 10 7045291052
8029 110 7029891408
8029 120 7046914168
8029 130 7057511948
8029 140 7015148756
8029 150 6503548032
8029 160 7034917128
8029 170 7078550308
8029 180 7046810332
8029 190 7068740256
8029 200 7086890940
8029 20 7083515888
8029 210 7013084196
8029 220 7063925740
8029 230 7086516420
8029 30 7063965444
8029 40 7089566092
8029 50 7050237792
8029 60 7033532108
8029 70 7043831380
8029 80 6564283484
8029 90 7034993104
8030 0 7020413624
8030 100 7063805388
8030 10 6913829684
8030 110 7065500712
8030 120 7051739580
8030 130 7034520148
8030 140 6975630456
8030 150 7062422544
8030 20 7074927760
8030 30 7054072172
8030 40 7037754640
8030 50 7066318052
8030 60 7076563568
8030 70 7054821080
8030 80 7060354324
8030 90 7042139644
8031 0 7040842020
8031 100 7064143796
8031 10 7018086180
8031 110 7061564568
8031 120 7089355352
8031 130 7082157940
8031 20 7071152072
8031 30 6970981708
8031 40 7097150292
8031 50 7050848604
8031 60 7052184524
8031 70 7070423860
8031 80 7019615040
8031 90 7039544788
8038 0 7071994112
8038 100 7057943112
8038 10 7085507012
8038 110 6972250844
8038 120 6973131756
8038 130 7043189480
8038 140 7046227404
8038 150 6835046628
8038 160 6905735324
8038 170 7029240012
8038 180 7016829440
8038 190 7011146284
8038 20 7041964288
8038 30 7074540268
8038 40 7053793984
8038 50 7033010416
8038 60 7106015252
8038 70 7068670152
8038 80 7036018160
8038 90 7071095076
8039 0 7008303724
8039 100 7082770452
8039 10 7048526632
8039 110 6971922296
8039 120 7074302572
8039 130 7017360572
8039 140 7054832340
8039 150 7012710756
8039 160 7017232388
8039 170 7001122388
8039 180 7007658248
8039 190 7008690392
8039 200 6969270364
8039 20 6996548572
8039 210 6757288612
8039 220 7002599780
8039 230 2911428260
8039 30 7058209324
8039 40 7008029928
8039 50 7003002488
8039 60 7053573908
8039 70 7057479584
8039 80 7010492456
8039 90 7041183380
8040 0 6943762948
8040 100 7036559908
8040 10 6989563868
8040 110 7035402416
8040 120 7056291820
8040 130 7042835360
8040 140 6999952088
8040 150 7056455204
8040 160 7025420708
8040 170 7019213404
8040 180 7056096500
8040 190 7043450260
8040 200 7040302572
8040 20 7006640520
8040 210 7027609412
8040 220 6995152492
8040 230 6580270380
8040 30 7034339648
8040 40 7028534028
8040 50 7001207788
8040 60 7040459620
8040 70 7017432608
8040 80 6687491340
8040 90 7013821300
8041 0 6717511016
8041 10 7008017296
8041 20 7032530296
8041 30 7028745896
8041 40 7023967116
8041 50 7003271036
8041 60 6997346340
8043 0 6960174004
8043 100 7002119320
8043 10 7055136660
8043 110 7045614048
8043 120 7007269656
8043 130 7040455844
8043 140 7018741732
8043 150 6994483436
8043 160 7012528848
8043 170 7015133936
8043 180 7004686556
8043 190 6948401768
8043 200 7023199740
8043 20 7074782352
8043 210 7034423908
8043 220 6956153792
8043 30 7046529320
8043 40 7035353964
8043 50 7007779248
8043 60 7040121376
8043 70 7024487480
8043 80 7002366444
8043 90 7038210040
8044 0 6988765308
8044 100 6883440332
8044 10 6990402228
8044 110 7008417240
8044 120 7014138848
8044 130 7078739336
8044 140 7031908176
8044 150 7042370288
8044 160 7005131128
8044 170 7003209108
8044 180 7057091220
8044 190 7027168364
8044 200 7009063584
8044 20 6991137100
8044 210 7018476648
8044 220 7026687880
8044 230 375247328
8044 30 7005243568
8044 40 6999042876
8044 50 6905388492
8044 60 7023125044
8044 70 6968468248
8044 80 7001245640
8044 90 7008727300
8045 0 6776663232
8045 100 6916338660
8045 10 3961147312
8045 110 6882803980
8045 120 7026359356
8045 130 6975353808
8045 140 7020213848
8045 150 7005120116
8045 160 7019903040
8045 170 6950080172
8045 180 6937998556
8045 190 7036121168
8045 200 6989089564
8045 20 4445805764
8045 210 7023328800
8045 220 6956681320
8045 30 6397438032
8045 40 6986261856
8045 50 6982187200
8045 60 6943003160
8045 70 6929320248
8045 80 6972824184
8045 90 7015400148
8046 0 7043104640
8046 100 4588537228
8046 10 7027196736
8046 110 4593283516
8046 120 7112141980
8046 130 6921145752
8046 140 7037294000
8046 150 7039970712
8046 160 6941634456
8046 170 7010362184
8046 180 7003138512
8046 190 7028521304
8046 200 6991577488
8046 20 7034505700
8046 210 7019300756
8046 220 7026166652
8046 30 7024407236
8046 40 6997496032
8046 50 7015107308
8046 60 7050212552
8046 70 7020395124
8046 80 6905336196
8046 90 4466386436
8047 0 4339023680
8047 100 7018806348
8047 10 6436902032
8047 110 7046110076
8047 120 6976627316
8047 130 7040389140
8047 140 7025587884
8047 150 7002528264
8047 160 6982450208
8047 170 7030967092
8047 180 7058163260
8047 190 7049633584
8047 200 7035585632
8047 20 6969418076
8047 210 6581373984
8047 220 7028504788
8047 30 7038902724
8047 40 6984350040
8047 50 6948641280
8047 60 7006504912
8047 70 7016333972
8047 80 7063391612
8047 90 7028479140
8048 0 6717789588
8048 100 7027675248
8048 10 7042918432
8048 110 6970715960
8048 120 7039839616
8048 130 7051179448
8048 140 7044369620
8048 150 6341486200
8048 160 7009727632
8048 170 7023917936
8048 180 7024769964
8048 190 7052543680
8048 200 7027624440
8048 20 7054655236
8048 210 7007474024
8048 220 7054301468
8048 30 7034408300
8048 40 6605972200
8048 50 6787036208
8048 60 6978300640
8048 70 7013802024
8048 80 7022709688
8048 90 7023399708
8049 0 7009912056
8049 10 7027350184
8049 20 7036409696
8049 30 7041329332
8049 40 7021557116
8049 50 1051401176
8051 0 7009962800
8051 10 6973040384
8051 20 6990061080
8051 30 7036218200
8051 40 7024064968
8051 50 6941472408
8051 60 7022389368
8052 0 3036239180
8054 0 7616241704
8054 10 7614990768
8054 20 7618124120
8054 30 7606796888
8054 40 7608660824
8054 50 7631861396
8055 0 6917852788
8055 100 6296799992
8055 10 7021561560
8055 110 6464426720
8055 20 6251575860
8055 30 6878478604
8055 40 6803055084
8055 50 7001815140
8055 60 6930415084
8055 70 6960448128
8055 80 6891966656
8055 90 6965835636
8057 0 6930103904
8057 100 6921362612
8057 10 6938614040
8057 110 6936756700
8057 120 6680285340
8057 130 6942075284
8057 140 6984323296
8057 150 7008195856
8057 160 7020739040
8057 170 7026701124
8057 180 7015737244
8057 190 6990699640
8057 200 6939866964
8057 20 6910886568
8057 210 7017951924
8057 220 7021817652
8057 30 6923176676
8057 40 6953656948
8057 50 6969520424
8057 60 6917148940
8057 70 6925993780
8057 80 6925755388
8057 90 6899262464
8058 0 6231537660
8058 100 6986987444
8058 10 7009318952
8058 110 7012582720
8058 120 7017155516
8058 130 7000336504
8058 140 7052661308
8058 150 7071512752
8058 160 7013203436
8058 170 6904572764
8058 180 7028916712
8058 190 7009397400
8058 200 6996767176
8058 20 7016703680
8058 210 7040711144
8058 220 7014088344
8058 30 6907248720
8058 40 6985641216
8058 50 7015203664
8058 60 7023693152
8058 70 7031431080
8058 80 7014281196
8058 90 7014504144
8059 0 6999674952
8059 100 6511633632
8059 10 7003322420
8059 110 7011666736
8059 120 7029096376
8059 130 7065497696
8059 140 7028546484
8059 150 7042728816
8059 160 7048187856
8059 170 7059474860
8059 180 7024021984
8059 190 7023257020
8059 200 6921622776
8059 20 7043902720
8059 210 6990725628
8059 220 6994790976
8059 230 6985400132
8059 240 6879519860
8059 250 7000271792
8059 30 7050616032
8059 40 7013601876
8059 50 7039765660
8059 60 7026486812
8059 70 7047601548
8059 80 7056235724
8059 90 6942326900
8072 0 6316186432
8072 100 6542811404
8072 10 6831119312
8072 110 6726673424
8072 120 6739047904
8072 130 6672589060
8072 140 6875929272
8072 150 6895797008
8072 160 6950942216
8072 170 6725682416
8072 180 6833788684
8072 190 6791171944
8072 200 6216032992
8072 20 6783388144
8072 210 6816156376
8072 220 6789227720
8072 230 6806863316
8072 30 6860049532
8072 40 6339212952
8072 50 6873484196
8072 60 6200880412
8072 70 6900332568
8072 80 6679173160
8072 90 6209237488
8073 0 6831762336
8073 100 6563604416
8073 10 6775463900
8073 110 6816464212
8073 120 6788526148
8073 130 6859267244
8073 140 6832357532
8073 150 6753951692
8073 160 6721626960
8073 170 6638443640
8073 180 4463328968
8073 190 6775842760
8073 200 6889176488
8073 20 6771526900
8073 210 6867260164
8073 220 6834198964
8073 30 6831036652
8073 40 6902679424
8073 50 6803122608
8073 60 6818207448
8073 70 6840073708
8073 80 6870937516
8073 90 6827265368
8074 0 4500498800
8074 100 6808368576
8074 10 6737017840
8074 110 6874229236
8074 120 6881291008
8074 130 6888434900
8074 140 6769387728
8074 150 6759998920
8074 160 6743790364
8074 170 6776776116
8074 180 5193196344
8074 190 6570119908
8074 20 6886734088
8074 30 6847697564
8074 40 6848876444
8074 50 6894279548
8074 60 6475350924
8074 70 6826912696
8074 80 6825246972
8074 90 6834439276
8075 0 6795404548
8075 10 6551634608
8075 20 6874388012
8075 30 6767640128
8075 40 6904818228
8075 50 6918738796
8075 60 6760455608
8075 70 6890636480
8076 0 5709304704
8077 0 6836954668
8077 100 6844835312
8077 10 6854934680
8077 110 6871056788
8077 120 6741114540
8077 20 6844850024
8077 30 6822539772
8077 40 6876545968
8077 50 6551741444
8077 60 6637068688
8077 70 6825441680
8077 80 6874493156
8077 90 6772020180
8085 0 6726674352
8085 100 6755368468
8085 10 6771509540
8085 110 6708659516
8085 120 6357682592
8085 20 6688338444
8085 30 6661858576
8085 40 6749413824
8085 50 6793180424
8085 60 6789819780
8085 70 6713223968
8085 80 6768386844
8085 90 6374267948
8086 0 6641991380
8086 100 6721823832
8086 10 6720076496
8086 110 6684643452
8086 120 6700909864
8086 130 6679849512
8086 140 6921368932
8086 150 6753022164
8086 160 6756135648
8086 170 6726527824
8086 180 6768796756
8086 190 6871871724
8086 200 6858797944
8086 20 6789638028
8086 210 6752368520
8086 30 6745271168
8086 40 6805970032
8086 50 6791271912
8086 60 5979986196
8086 70 6387247332
8086 80 6702141480
8086 90 6717739500
8087 0 6648785580
8087 100 6815920304
8087 10 6738156620
8087 110 6833964440
8087 120 6835473696
8087 130 4515894220
8087 140 6745395808
8087 150 6761045312
8087 160 6769257192
8087 170 5777817412
8087 180 6288738320
8087 190 6759097700
8087 200 6790711868
8087 20 6807697884
8087 210 6807893972
8087 220 6783871128
8087 230 6736748344
8087 30 4597722092
8087 40 5739549832
8087 50 6808910700
8087 60 6640634748
8087 70 6806437952
8087 80 6390370684
8087 90 6845616256
8088 0 6755046052
8088 10 6207587208
8088 20 6732446040
8088 30 6754099196
8088 40 6631225080
8088 50 6753451056
8089 0 6698196508
8089 100 6765170252
8089 10 6785176192
8089 110 6734898356
8089 120 6754812712
8089 130 6838166976
8089 140 6866668700
8089 150 6646250624
8089 160 6762203912
8089 170 6729042740
8089 180 6772016908
8089 190 6865020732
8089 200 6808854748
8089 20 6769351680
8089 210 4342395184
8089 30 6913629352
8089 40 6779208992
8089 50 6823223496
8089 60 6739442100
8089 70 6815444820
8089 80 6658733408
8089 90 6762520760
8090 0 6812584516
8090 10 6713513688
8090 20 6814346316
8090 30 6231007168
8090 40 6637455608
8090 50 6705359376
8090 60 6185218400
8092 0 6732324336
8092 100 6837045504
8092 10 6753742064
8092 110 6751204456
8092 120 6797619584
8092 130 6750088072
8092 140 6761179976
8092 150 6742824860
8092 160 6769680160
8092 170 6791401100
8092 180 6233899628
8092 190 6488774652
8092 200 4278245032
8092 20 6798266724
8092 210 1936527196
8092 30 6853184128
8092 40 6717601376
8092 50 6711451392
8092 60 6765033624
8092 70 6412172964
8092 80 6747051580
8092 90 6774099108
8093 0 5228596904
8093 10 5353730668
8094 0 6772422128
8094 100 6815667900
8094 10 6389746940
8094 110 6719899640
8094 120 6779303032
8094 130 6799077524
8094 140 6882315812
8094 150 6811247100
8094 160 6636530684
8094 170 6673964508
8094 180 6717601400
8094 190 6823635432
8094 200 6814318356
8094 20 6606817352
8094 210 6786054916
8094 30 6470042544
8094 40 6808392908
8094 50 6786056560
8094 60 6847355604
8094 70 6831475972
8094 80 6847052640
8094 90 6866429340
8095 0 6808116864
8095 100 6791676600
8095 10 6730485108
8095 110 6850525608
8095 120 4402103028
8095 130 6795041232
8095 140 6812680396
8095 150 6773741940
8095 160 6792927072
8095 170 6778202324
8095 180 6740008780
8095 190 6906846208
8095 200 6843700188
8095 20 6740568188
8095 210 6651729472
8095 220 6803396812
8095 30 6735592548
8095 40 6736760896
8095 50 6598614112
8095 60 4400298320
8095 70 4423670812
8095 80 6778162504
8095 90 6813902216
8096 0 6759044496
8096 100 6845190096
8096 10 6556934824
8096 110 6841711716
8096 120 6225572952
8096 130 6584618820
8096 140 6769016836
8096 150 6830390056
8096 160 6831001852
8096 170 6866409760
8096 180 6714573968
8096 190 6870652904
8096 200 6795501892
8096 20 4446231908
8096 210 6753032320
8096 30 6828187528
8096 40 6859890672
8096 50 6786810072
8096 60 6829328052
8096 70 6773979772
8096 80 6776412944
8096 90 6795998336
8097 0 6535154500
8097 100 6951463752
8097 10 6830960920
8097 110 6751063572
8097 120 6518307904
8097 130 6773201476
8097 140 6847361496
8097 150 6801018920
8097 160 6781939080
8097 170 6787882464
8097 180 6358388452
8097 190 6754909456
8097 200 6822955468
8097 20 6555275232
8097 210 6775045600
8097 30 6768638620
8097 40 6849878544
8097 50 6850069512
8097 60 6810817272
8097 70 4390797048
8097 80 6926349876
8097 90 6938953396
8098 0 6802796828
8098 100 6421290860
8098 10 6767848472
8098 110 6856638104
8098 120 6800756116
8098 130 6748723056
8098 140 6735578888
8098 150 6784656420
8098 160 6804226296
8098 170 6827612280
8098 180 6401926052
8098 190 6808527884
8098 200 6754780848
8098 20 6772954360
8098 210 6818237184
8098 220 6835813604
8098 30 6372872260
8098 40 6784713528
8098 50 6803498604
8098 60 6805316796
8098 70 6683947792
8098 80 6841315308
8098 90 6803731012
8099 0 6770910940
8099 100 6584685036
8099 10 6878245856
8099 110 6827118740
8099 120 6740745088
8099 130 6818290588
8099 140 6683671016
8099 150 6815472104
8099 160 6844130852
8099 170 6897972700
8099 180 6923516324
8099 190 6884285840
8099 200 6825534440
8099 20 6820882596
8099 210 6416777452
8099 220 6841695024
8099 230 6849626080
8099 240 6874020332
8099 250 6468672648
8099 260 6538654828
8099 270 6821736156
8099 280 6742504920
8099 30 5859113780
8099 40 6583725316
8099 50 6817987312
8099 60 6831439820
8099 70 6898081628
8099 80 6817100876
8099 90 6801782372
8100 0 4554644324
8100 10 4282376980
8100 20 4372104120
8100 30 4386994264
8100 40 4469783440
8100 50 4955778580
8100 60 4250079812
8100 70 2300714596
