5403 13 0 0 0 0 0 0 0 0 0 0 0 9 0 0 0 0
5404 265 0 0 0 0 0 0 0 0 0 0 0 15 0 0 0 0
5405 99 1 0 0 0 0 0 0 0 0 0 0 0 0 0 0 0
5406 85 0 0 0 0 0 0 0 0 0 0 0 0 0 0 0 0
5407 57 0 0 0 0 0 0 0 0 0 0 0 1 0 0 0 0
5410 208 1 0 0 0 0 0 0 0 0 0 0 18 0 0 0 0
5411 279 0 0 0 0 0 0 0 0 0 0 0 0 0 0 0 0
5412 119 0 0 0 0 0 0 0 0 0 0 0 0 0 0 0 0
5538 33 0 0 0 0 0 0 0 0 0 0 0 18 0 0 0 0
5541 9 1 0 0 0 0 0 0 0 0 0 0 0 0 0 0 0
5542 40 0 0 0 0 0 0 0 0 0 0 0 0 0 0 0 0
5546 21 1 0 0 0 0 1 0 1 0 1 1 1 0 0 0 0
5547 19 0 0 0 0 0 0 0 0 0 0 0 0 0 0 0 0
5548 635 0 0 0 0 0 0 0 0 0 0 0 0 0 0 0 0
5549 631 0 0 0 0 0 0 0 0 0 0 3 0 3 0 0 0
5550 92 0 0 0 0 0 0 0 0 0 0 0 1 0 0 0 0
5554 251 0 0 0 0 0 0 0 0 0 0 1 1 2 0 0 0
5558 595 0 0 0 0 0 0 0 0 0 0 3 3 2 0 0 0
5559 561 0 0 0 0 0 0 0 0 0 0 2 71 4 0 0 0
5560 374 0 0 0 0 0 0 0 0 0 0 1 0 1 0 0 0
5562 34 0 0 0 0 0 0 0 0 0 0 0 1 1 0 0 0
5563 57 0 0 0 0 0 0 0 0 0 0 0 0 0 0 0 0
5564 20 0 0 0 0 0 0 0 0 0 0 0 1 0 0 0 0
5565 12 0 0 0 0 0 0 0 0 0 0 0 0 0 0 0 0
5566 66 1 0 0 1 0 1 0 2 0 0 0 5 0 0 0 0
5567 61 0 0 0 0 0 0 0 0 0 0 0 0 0 0 0 0
5568 438 1 0 1 1 0 0 0 0 0 0 6 4 6 0 0 0
5569 170 0 0 0 0 0 0 0 0 0 0 0 143 0 0 0 0
5597 6 0 0 0 0 0 0 0 0 0 0 0 0 0 0 0 0
5598 19 0 0 0 0 0 0 0 0 0 0 0 0 0 0 0 0
5601 19 0 0 0 0 0 0 0 0 0 0 0 0 0 0 0 0
5602 1 0 0 0 0 0 0 0 0 0 0 0 0 0 0 0 0
5603 10 0 0 0 0 0 0 0 0 0 0 0 0 0 0 0 0
5604 5 0 0 0 0 0 0 0 0 0 0 0 0 0 0 0 0
5605 113 0 0 0 0 0 0 0 0 0 0 0 0 0 0 0 0
5610 154 1 0 0 0 0 0 0 0 0 0 0 56 0 0 0 0
5611 270 0 0 1 0 0 0 0 0 0 0 0 0 0 0 0 0
5619 32 0 0 0 0 0 0 0 0 0 0 0 20 0 0 0 0
