
0 10 1
1 10 2
2 10 3
3 10 4
4 10 5
5 10 6
6 10 7
7 10 8
8 10 9
9 10 10
10 10 11
11 10 12
12 10 13
13 10 14
14 10 15
15 10 16
16 10 17
17 10 18
18 10 19
19 10 20
20 10 21
21 10 22
22 10 23
23 10 0
24 10 24
25 10 25
26 10 26
27 10 27
28 10 28
29 10 29
30 10 30
31 10 31
32 10 32
33 10 33
34 10 34
35 10 35
36 10 36
37 10 37
38 10 38
39 10 39
40 10 40
41 10 41
42 10 42
43 10 43
44 10 44
45 10 45
46 10 46
0 9 47
1 9 48
2 9 49
3 9 50
4 9 51
5 9 52
6 9 53
7 9 54
8 9 55
9 9 56
10 9 57
11 9 58
12 9 59
13 9 60
14 9 61
15 9 62
16 9 63
17 9 64
18 9 65
19 9 66
20 9 67
21 9 68
22 9 69
23 9 0
24 9 70
25 9 71
26 9 72
27 9 73
28 9 74
29 9 75
30 9 76
31 9 77
32 9 78
33 9 79
34 9 80
35 9 81
36 9 82
37 9 83
38 9 84
39 9 85
40 9 86
41 9 87
42 9 88
43 9 89
44 9 90
45 9 91
46 9 92
0 8 93
1 8 94
2 8 95
3 8 96
4 8 97
5 8 98
6 8 99
7 8 100
8 8 101
9 8 102
10 8 103
11 8 104
12 8 105
13 8 106
14 8 107
15 8 108
16 8 109
17 8 110
18 8 111
19 8 112
20 8 113
21 8 114
22 8 115
23 8 0
24 8 116
25 8 117
26 8 118
27 8 119
28 8 120
29 8 121
30 8 122
31 8 123
32 8 124
33 8 125
34 8 126
35 8 127
36 8 128
37 8 129
38 8 130
39 8 131
40 8 132
41 8 133
42 8 134
43 8 135
44 8 136
45 8 137
46 8 138
0 7 139
1 7 140
2 7 141
3 7 142
4 7 143
5 7 144
6 7 145
7 7 146
8 7 147
9 7 148
10 7 149
11 7 150
12 7 151
13 7 152
14 7 153
15 7 154
16 7 155
17 7 156
18 7 157
19 7 158
20 7 159
21 7 160
22 7 161
23 7 0
24 7 162
25 7 163
26 7 164
27 7 165
28 7 166
29 7 167
30 7 168
31 7 169
32 7 170
33 7 171
34 7 172
35 7 173
36 7 174
37 7 175
38 7 176
39 7 177
40 7 178
41 7 179
42 7 180
43 7 181
44 7 182
45 7 183
46 7 184
0 6 185
1 6 186
2 6 187
3 6 188
4 6 189
5 6 190
6 6 191
7 6 192
8 6 193
9 6 194
10 6 195
11 6 196
12 6 197
13 6 0
14 6 0
15 6 0
16 6 0
17 6 0
18 6 0
19 6 0
20 6 0
21 6 0
22 6 198
23 6 0
24 6 199
25 6 200
26 6 201
27 6 202
28 6 203
29 6 204
30 6 205
31 6 206
32 6 207
33 6 208
34 6 209
35 6 210
36 6 211
37 6 212
38 6 213
39 6 214
40 6 215
41 6 216
42 6 217
43 6 218
44 6 219
45 6 220
46 6 221
0 5 0
1 5 0
2 5 0
3 5 0
4 5 0
5 5 0
6 5 0
7 5 0
8 5 0
9 5 0
10 5 0
11 5 0
12 5 0
13 5 0
14 5 0
15 5 0
16 5 0
17 5 0
18 5 0
19 5 0
20 5 0
21 5 0
22 5 0
23 5 0
24 5 0
25 5 0
26 5 0
27 5 0
28 5 0
29 5 0
30 5 0
31 5 0
32 5 0
33 5 0
34 5 0
35 5 0
36 5 0
37 5 0
38 5 0
39 5 0
40 5 0
41 5 0
42 5 0
43 5 0
44 5 0
45 5 0
46 5 0
0 4 222
1 4 223
2 4 224
3 4 225
4 4 226
5 4 227
6 4 228
7 4 229
8 4 230
9 4 231
10 4 232
11 4 233
12 4 234
13 4 0
14 4 0
15 4 0
16 4 0
17 4 0
18 4 0
19 4 0
20 4 0
21 4 0
22 4 235
23 4 0
24 4 236
25 4 237
26 4 238
27 4 239
28 4 240
29 4 241
30 4 242
31 4 243
32 4 244
33 4 245
34 4 246
35 4 247
36 4 248
37 4 249
38 4 250
39 4 251
40 4 252
41 4 253
42 4 254
43 4 255
44 4 256
45 4 257
46 4 258
0 3 259
1 3 260
2 3 261
3 3 262
4 3 263
5 3 264
6 3 265
7 3 266
8 3 267
9 3 268
10 3 269
11 3 270
12 3 271
13 3 272
14 3 273
15 3 274
16 3 275
17 3 276
18 3 277
19 3 278
20 3 279
21 3 280
22 3 281
23 3 0
24 3 282
25 3 283
26 3 284
27 3 285
28 3 286
29 3 287
30 3 288
31 3 289
32 3 290
33 3 291
34 3 292
35 3 293
36 3 294
37 3 295
38 3 296
39 3 297
40 3 298
41 3 299
42 3 300
43 3 301
44 3 302
45 3 303
46 3 304
0 2 305
1 2 306
2 2 307
3 2 308
4 2 309
5 2 310
6 2 311
7 2 312
8 2 313
9 2 314
10 2 315
11 2 316
12 2 317
13 2 318
14 2 319
15 2 320
16 2 321
17 2 322
18 2 323
19 2 324
20 2 325
21 2 326
22 2 327
23 2 0
24 2 328
25 2 329
26 2 330
27 2 331
28 2 332
29 2 333
30 2 334
31 2 335
32 2 336
33 2 337
34 2 338
35 2 339
36 2 340
37 2 341
38 2 342
39 2 343
40 2 344
41 2 345
42 2 346
43 2 347
44 2 348
45 2 349
46 2 350
0 1 351
1 1 352
2 1 353
3 1 354
4 1 355
5 1 356
6 1 357
7 1 358
8 1 359
9 1 360
10 1 361
11 1 362
12 1 363
13 1 364
14 1 365
15 1 366
16 1 367
17 1 368
18 1 369
19 1 370
20 1 371
21 1 372
22 1 373
23 1 0
24 1 374
25 1 375
26 1 376
27 1 377
28 1 378
29 1 379
30 1 380
31 1 381
32 1 382
33 1 383
34 1 384
35 1 385
36 1 386
37 1 387
38 1 388
39 1 389
40 1 390
41 1 391
42 1 392
43 1 393
44 1 394
45 1 395
46 1 396
0 0 397
1 0 398
2 0 399
3 0 400
4 0 401
5 0 402
6 0 403
7 0 404
8 0 405
9 0 406
10 0 407
11 0 408
12 0 409
13 0 410
14 0 411
15 0 412
16 0 413
17 0 414
18 0 415
19 0 416
20 0 417
21 0 418
22 0 419
23 0 0
24 0 420
25 0 421
26 0 422
27 0 423
28 0 424
29 0 425
30 0 426
31 0 427
32 0 428
33 0 429
34 0 430
35 0 431
36 0 432
37 0 433
38 0 434
39 0 435
40 0 436
41 0 437
42 0 438
43 0 439
44 0 440
45 0 441
46 0 442
