7373
7374
7403
7404
7406
7407
7408
7409
7411
7415
7427
7428
7429
7443
7444
7445
7446
7447
7479
7483
7485
7486
7487
7488
7490
7492
7494
7495
7496
7629
7630
7631
7632
7633
7634
7635
7636
7637
7644
7653
7779
7780
7781
7782
7783
7785
7786
7794
7795
7796
7797
7798
7799
7800
7801
7802
7803
7804
7805
7806
7807
7808
7809
7947
7948
7949
7953
7961
7962
7963
7964
7965
7966
7967
7968
7969
7970
7972
7975
7976
7982
7983
7984
7985
7986
7987
7988
7989
8025
8026
8027
8028
8029
8030
8031
8038
8039
8040
8041
8043
8044
8045
8046
8047
8048
8049
8051
8052
8054
8055
8057
8058
8059
8072
8073
8074
8075
8076
8077
8079
8085
8086
8087
8088
8089
8090
8092
8093
8094
8095
8096
8097
8098
8099
8100