5254
5255
5256
5257
5258
5259
5263
5264
5265
5266
5267
5268
5269
5270
5271
5272
5273
5274
5275
5278
5279
5280
5281
5282
5283
5284
5285
5286
5287
5288
5292
5293
5294
5295
5296
5297
5298
5299
5302
5303
5304
5305
5306
5307
5309
5310
5311
5312
5313
5314
5315
5316
5318
5319
5322
5329
5330
5331
5332
5333
5334
5339
5340
5341
5342
5344
5345
5346
5347
5348
5349
5350
5351
5375
5378
5379
5380
5381
5382
5383
5384
5385
5386
5387
5402
5403
5404
5405
5406
5407
5409
5410
5411
5412
5538
5541
5542
5546
5547
5548
5549
5550
5554
5558
5559
5560
5562
5563
5564
5565
5566
5567
5568
5569
5575
5576
5577
5578
5579
5597
5598
5601
5602
5603
5604
5605
5610
5611
5615
5616
5617
5618
5619
5623
5624
5632
5634
5635
5636
5637
5642
5643
5644
5648
5649
5650
5651
5652
5653
5654
5655
5656
5657
5686
5689
5692
5693
5694
5695
5696
5697
5698
5704
5705
5706
5710
5715
5723
5724
5725
5726
5727
5728
5729
5730
5731
5733
5734
5735
5736
5737
5738
5739
5740
5741
5742
5743
5744
5745
5747
5748
5749
5750
5751
5752
5753
5754
5755
5756
5757
5758
5759
5760
5761
5762
5763
5764
5765
5766
5767
5768
5769
5770
5771
5772
5773
5774
5775
5776
5777
5778
5779
5780
5781
5782
5783
5784
5785
5786
5788
5789
5790
5791
5792
5793
5794
5795
5796
5797
